date,open,high,low,close,volume,average,barCount
2024-06-06,22.995,23.945,22.975,23.795,-1.0,-1.0,-1
2024-06-07,23.28,23.565,23.065,23.315,-1.0,-1.0,-1
2024-06-10,22.745,23.155,22.685,23.125,-1.0,-1.0,-1
2024-06-11,23.03,23.945,22.895,23.855,-1.0,-1.0,-1
2024-06-12,24.155,24.325,23.575,23.765,-1.0,-1.0,-1
2024-06-13,23.83,24.145,23.145,23.275,-1.0,-1.0,-1
2024-06-14,23.135,23.715,22.845,23.585,-1.0,-1.0,-1
2024-06-17,23.485,25.055,23.455,25.015,-1.0,-1.0,-1
2024-06-18,25.135,26.025,24.835,25.835,-1.0,-1.0,-1
2024-06-20,26.415,26.565,25.155,25.575,-1.0,-1.0,-1
2024-06-21,24.725,24.795,23.535,23.825,-1.0,-1.0,-1
2024-06-24,23.425,24.385,23.295,24.165,-1.0,-1.0,-1
2024-06-25,24.215,24.625,23.925,24.545,-1.0,-1.0,-1
2024-06-26,24.465,24.66,24.025,24.095,-1.0,-1.0,-1
2024-06-27,24.075,25.395,24.075,25.235,-1.0,-1.0,-1
2024-06-28,25.3,25.565,25.025,25.325,-1.0,-1.0,-1
2024-07-01,25.5,26.015,25.145,25.875,-1.0,-1.0,-1
2024-07-02,25.775,26.425,25.755,25.835,-1.0,-1.0,-1
2024-07-03,25.95,26.265,25.765,25.835,-1.0,-1.0,-1
2024-07-05,25.975,27.245,25.97,27.225,-1.0,-1.0,-1
